0.00 0.00 0.00 0.00
1.00 0.08 9948.36 0.07
2.00 5.47 9898.66 0.07
3.00 5.20 11221.38 0.07
4.00 3.57 -42772.28 -0.04
5.00 -16.09 -8909.61 0.41
6.00 -4.52 -9551.84 -2.14
7.00 0.59 -11058.23 -1.57
8.00 0.27 -17528.61 -0.73
9.00 0.03 -24730.40 -0.32
10.00 0.83 -13422.49 -0.56
11.00 0.42 -11013.75 -0.54
12.00 0.43 -8650.14 -0.53
13.00 1.70 -4901.01 -1.20
14.00 0.48 -5370.93 -0.88
15.00 0.04 -8999.73 -0.34
16.00 -1.35 1279.87 0.15
17.00 8.08 1691.33 0.95
18.00 0.21 -193.22 -0.10
19.00 -9.57 -214.23 0.69
20.00 -6.83 -147.29 -5.01
21.00 0.51 -212.76 -2.86
22.00 0.43 -301.68 -1.53
23.00 -0.09 -1720.62 -0.16
24.00 -1.43 -346.43 -0.07
25.00 1.87 -73.24 -0.43
26.00 0.54 -48.22 -0.53
27.00 0.31 -42.48 -0.47
28.00 0.14 -35.21 -0.37
29.00 1.39 -19.01 -0.81
30.00 0.05 -43.48 -0.34
31.00 -0.57 -13.10 -0.11
32.00 -6.05 -6.91 0.36
33.00 3.07 -6.74 0.80
34.00 1.08 -8.89 0.56
35.00 -0.57 3.53 -0.62
36.00 -1.22 -1.00 0.46
37.00 -2.53 -0.12 -1.46
38.00 0.63 -0.13 -1.22
39.00 -0.24 -6.20 -0.01
40.00 74.28 -1.68 -1.26
41.00 -16.87 -0.63 20.93
42.00 0.51 -0.90 10.28
43.00 0.62 -1.46 6.08
44.00 -0.07 7.38 -0.74
45.00 1.31 3.96 -1.27
46.00 -17.09 1.52 21.46
47.00 1.72 1.13 36.63
48.00 0.42 1.88 15.18
49.00 0.15 10.60 1.91
50.00 0.71 16.48 1.05
51.00 0.92 25.32 0.67
52.00 1.18 44.13 0.49
53.00 -8.80 13.63 -4.60
54.00 0.76 14.19 -3.81
55.00 1.01 14.22 -4.13
56.00 0.44 21.14 -2.10
57.00 0.23 43.95 -0.79
58.00 -0.34 464.32 -0.03
59.00 -24.61 274.94 0.41
60.00 3.60 207.93 1.18
61.00 -4.94 56.68 -6.11
62.00 0.49 75.34 -3.29
63.00 0.83 81.27 -3.02
64.00 0.54 105.81 -1.94
65.00 -1.00 -30.03 1.64
66.00 2.94 -20.12 4.52
67.00 0.47 -36.43 1.84
68.00 1.88 -29.37 3.15
69.00 0.05 400.18 -0.14
70.00 6.21 166.09 -1.14
71.00 0.21 85.14 -0.54
72.00 2.47 148.04 -1.64
73.00 0.27 217.68 -0.74
74.00 0.01 246.76 -0.31
75.00 -0.13 259.72 -0.26
76.00 -0.39 309.80 -0.20
77.00 -1.51 -3171.50 0.00
78.00 1973.21 -250.36 2.05
79.00 -415.93 646.37 -854.54
80.00 0.22 -1207.37 -184.43
81.00 2.20 -1074.97 -406.25
82.00 0.23 -2705.64 -94.73
83.00 -11.05 -821.95 1046.30
84.00 1.14 -967.44 1190.69
85.00 0.42 -1257.48 499.54
86.00 0.30 -3335.14 147.46
87.00 1.14 -3558.39 168.48
88.00 0.57 -5021.30 95.88
89.00 0.71 -7578.22 67.36
90.00 0.55 -10468.39 36.46
91.00 0.53 -16691.63 18.96
92.00 0.88 -27335.87 16.46
93.00 2.06 -64168.87 33.60
94.00 0.67 -87695.80 22.08
95.00 0.63 -118769.60 13.57
96.00 0.73 -158780.73 9.59
97.00 0.67 -211790.32 6.13
98.00 0.72 -287237.33 4.12
99.00 0.76 -374358.23 2.83
100.00 0.85 -471231.71 2.11
101.00 0.91 -573087.14 1.62
102.00 1.26 -644995.81 1.74
103.00 0.93 -716514.30 1.33
104.00 1.21 -816129.10 1.30
105.00 1.42 -933858.82 1.55
106.00 1.08 -1006841.52 1.37
107.00 1.23 -1074049.06 1.39
108.00 1.27 -1185675.39 1.46
109.00 1.20 -1245409.67 1.44
110.00 1.23 -1341665.84 1.47
111.00 1.30 -1470332.08 1.62
112.00 1.17 -1608045.28 1.59
113.00 1.07 -1688401.26 1.40
114.00 1.25 -1812721.84 1.45
115.00 1.27 -1958022.84 1.54
116.00 1.27 -2148830.74 1.66
117.00 1.05 -2271088.99 1.45
118.00 1.31 -2493259.01 1.59
119.00 1.19 -2738997.95 1.59
120.00 1.15 -3000826.12 1.53
121.00 1.20 -3259678.59 1.53
122.00 1.17 -3542849.77 1.50
123.00 1.25 -3830212.40 1.57
124.00 1.15 -4094351.00 1.51
125.00 1.21 -4434044.15 1.52
126.00 1.20 -4799238.81 1.52
127.00 1.21 -5222838.45 1.54
128.00 1.20 -5675257.49 1.54
129.00 1.21 -6222244.72 1.57
130.00 1.14 -6687710.65 1.48
131.00 1.28 -7361799.00 1.59
132.00 1.11 -7918558.27 1.46
133.00 1.21 -8558247.81 1.47
134.00 1.24 -9249979.32 1.53
135.00 1.16 -9902127.24 1.47
136.00 1.27 -10821378.48 1.58
137.00 1.18 -11716471.41 1.56
138.00 1.14 -12669152.88 1.48
139.00 1.21 -13512631.98 1.49
140.00 1.21 -14502366.75 1.50
141.00 1.19 -15636961.98 1.48
142.00 1.19 -16648346.60 1.47
143.00 1.28 -18154908.92 1.58
144.00 1.19 -19578387.49 1.59
145.00 1.18 -21292969.58 1.57
146.00 1.19 -23393473.18 1.58
147.00 1.16 -25263020.24 1.53
148.00 1.19 -27377309.19 1.52
149.00 1.21 -29820048.53 1.55
